
3515609 1604150840.5272532
3561384 1605810485.4099755
3539179 1605124749.7332535
3557789 1605711553.534234
3525328 1604510783.5471053
3540483 1605125143.5591483
3556279 1605651775.5452864
3544072 1605238094.802588
3553700 1605579380.7693324
3489428 1603034211.2090259
3531882 1604761754.136532
3556082 1605653489.998065
3518866 1604265273.2919943
3545267 1605289420.7438188
3542692 1605200580.2105834
3539328 1605052160.9336793
3491282 1603117789.1823337
3557876 1605711991.431393
3543372 1605210331.2905092
3561778 1605823445.4979017
3569005 1606050947.1388986
3570546 1606083193.5669668
3545528 1605290705.1210449
3552463 1605544675.4343338
3540424 1605124750.0684266
3520456 1604334675.07236
3543655 1605218079.7607765
3561400 1605810818.6894193
3481829 1602710141.6295693
3515751 1604150968.2155297
3521374 1604356277.2834537
3518778 1604263085.944494
3569065 1606050946.8675041
3569496 1606057415.106959
3545823 1605395997.426372
3573947 1606225531.8352435
3570577 1606087087.234706
3556120 1605658370.6086807
3564043 1605891491.4374275
3539336 1605052580.1858652
3556268 1605651422.1306076
3481846 1602710565.7431114
3572189 1606149461.2976277
3557679 1605711553.5353653
3536199 1604934641.5827618
3548786 1605580138.3207302
3570565 1606083801.987679
3521452 1604359456.9465823
3525424 1604513530.6988065
3535023 1604872014.711064
3556331 1605653290.220226
3542531 1605203548.6432996
3548811 1605401782.8243325
3536187 1604934642.4041846
3558131 1605717427.3025572
3548741 1605401438.510711
3552572 1605546799.7391562
3542455 1605204168.9803832
3557973 1605717162.9713902
3564596 1605902688.2209272
3505568 1603746338.611873
3531877 1604761484.2470574
3560961 1605802886.4177344
3556260 1605651217.6082854
3532030 1604765029.9429305
3491239 1603116387.983871
3542562 1605203626.8791628
3572081 1606146635.6134238
3543042 1605202375.29167
3488438 1602991247.7053618
3515828 1604153565.69896
3518799 1604262894.4479682
3531900 1604761451.708186
3489470 1603036014.751574
3569528 1606058068.4914231
3565294 1605923720.4392302
3518750 1604261734.5461686
3540519 1605126222.3165722
3564669 1605904023.5170882
3544044 1605236333.7000134
3539124 1605051846.3495488
3556376 1605655280.9670784
3520221 1604329336.0286222
3518914 1604283684.5593386
3541296 1605131467.7661195
3520282 1604329861.962716
3519221 1604283752.7294347
3521432 1604358450.4268334
3556374 1605655123.1123135
3564010 1605891415.305039
3564677 1605904299.6747065
3520269 1604329478.0368292
3564564 1605901862.1709895
3518889 1604265984.7052743
3568993 1606050951.157051
3569572 1606059271.521266
3556121 1605657741.3559074
3481872 1602711539.662961
3552305 1605545555.3013232
3569067 1606050956.957319
3570703 1606089236.0560627
3553713 1605580052.8715513
3536168 1604934634.5905528
3521243 1604351865.778986
3561373 1605810280.6193488
3556281 1605651850.3321154
3544026 1605234774.6457481
3548763 1605401443.901674
3565276 1605922579.2288694
3570443 1606082289.7191484
3481997 1602718913.9551427
3540457 1605126670.2496483
3541124 1605128036.0811756
3556651 1605669809.579663
3539363 1605054122.666793
3541408 1605137146.4756896
3570639 1606086931.6824949
3532021 1604764997.5597687
3561422 1605811223.6987784
3518810 1604283689.6626954
3541232 1605129343.2942846
3542484 1605204718.9788558
3545895 1605544675.4335988
3565240 1605920864.948034
3541097 1605124760.883314
3541385 1605136170.4610114
3564546 1605901466.8182786
3481991 1602718354.0807998
3556397 1605656154.423306
3546633 1605325854.9226215
3564804 1605907272.7822344
3515863 1604154721.157226
3518700 1604260587.6737103
3525402 1604512763.221904
3564420 1605899034.8226237
3561937 1605822409.7927372
3541252 1605129961.9444048
3542729 1605202780.1962013
3570581 1606084368.696391
3515897 1604156015.321288
3569524 1606058090.1803396
3534388 1604854024.5212712
3541329 1605133146.9570644
3521424 1604358144.5046628
3521403 1604357284.0558674
3491308 1603118532.6562767
3552511 1605545555.3032532
3556656 1605670060.277019
3481726 1602706938.3934968
3541402 1605136852.6392255
3543201 1605209346.9681602
3541332 1605133367.8933313
3572222 1606150167.5466044
3564285 1605896448.0148988
3556633 1605669177.3813965
3518735 1604261842.869281
3572058 1606146637.0062015
3519213 1604283683.8177807
3570542 1606082973.1458514
3569455 1606056761.5404139
3563462 1605887474.5486202
3564503 1605900542.3450837
3543048 1605202642.7633166
3518878 1604265665.8546832
3561847 1605820326.576977
3545990 1605394744.3030272
3518698 1604260587.5504696
3556314 1605652728.6738455
3572142 1606147823.9282346
3569495 1606057468.4997952
3564649 1605903662.9417226
3531986 1604764101.7506166
3548721 1605396927.7937708
3570040 1606082805.0043738
3545536 1605290959.1481361
3539548 1605067467.9694324
3565007 1605919191.7376988
3481822 1602709835.279851
3541367 1605134932.6805177
3570526 1606082437.1705072
3539291 1605050629.139982
3520325 1604330970.8830364
3481809 1602709293.8381717
3479556 1602706938.7790313
3572152 1606148288.148435
3572187 1606149450.184962
3556434 1605657871.7612994
3521002 1604345582.6560571
3515763 1604151392.4708745
3491233 1603116286.2964654
3521388 1604356829.178608
3570616 1606085761.886936
3544040 1605235841.9000347
3543384 1605210481.7655852
3545266 1605290324.1613116
3533933 1604853932.976979
3489540 1603037157.9824874
3505559 1603760020.274335
3544030 1605235193.138318
3518786 1604262894.6625757
3564020 1605896564.8129756
3545897 1605546735.5118117
3574141 1606228082.7738001
3515767 1604151720.4001508
3552471 1605545544.5970867
3561852 1605820369.0808926
3535038 1604872708.589237
3552587 1605547177.0152469
3534306 1604853938.337966
3548817 1605402095.0832703
3565319 1605925015.5992548
3534725 1604871268.5538754
3519219 1604283683.7199728
3534421 1604854511.0154095
3545836 1605394744.6767278
3541241 1605129650.8793805
3563853 1605887669.643558
3541379 1605135771.8906837
3564267 1605898642.1221752
3564687 1605904575.1104062
3539045 1605048042.149924
3518718 1604260677.7900357
3556122 1605656484.7207305
3491337 1603119743.1506312
3541355 1605135488.5817316
3565271 1605922308.3055875
3531917 1604762002.5624695
3520534 1604335695.9975038
3536220 1604934641.443683
3574147 1606228146.146835
3540411 1605127166.0001304
3541343 1605133945.746253
3539248 1605048421.3201678
3525393 1604512379.706992
3521438 1604358887.796657
3556355 1605654227.302763
3561838 1605820103.8452396
3541538 1605153418.5077803
3573969 1606225520.8019423
3520486 1604335085.3652775
3539497 1605067012.331071
3533934 1604853932.4976418
3564724 1605905306.7603855
3479519 1602706939.0403833
3531879 1604761980.9375448
3515799 1604152689.200128
3481818 1602709686.5347445
3531892 1604761808.2818847
3556412 1605656857.9157395
3548742 1605401433.1648128
3572105 1606147020.2312427
3521039 1604346212.1309726
3570554 1606083539.410874
3546119 1605325854.9215112
3532000 1604764427.2736049
3505846 1603745585.2805922
3552552 1605546412.0861628
3543018 1605201534.9807444
3570493 1606085353.5451658
3539256 1605048863.2952778
3531314 1604761689.4098358
3505514 1603760020.3724074
3545474 1605289293.8142753
3545505 1605290217.8399475
3565212 1605919696.1861558
3570425 1606083560.695873
3544056 1605237014.203119
3536276 1604935111.7427065
3564509 1605900786.5258362
3545581 1605291894.6371624
3489486 1603035563.3725858
3545806 1605394749.3460302
3534569 1604859099.7251961
3564626 1605903260.144296
3505837 1603745203.336785
3545822 1605394749.2488596
3556413 1605656921.7203245
3569395 1606056589.8083663
3535031 1604872382.9394274
3570633 1606086505.58558
3570532 1606082647.7088137
3569038 1606050956.5976264
3544036 1605235559.2995062
3573986 1606225526.510202
3553674 1605579380.9997134
3569513 1606057672.0271413
3534970 1604870501.1684134
3491276 1603117630.346778
3562021 1605825081.1988354
3540407 1605125589.228717
3564585 1605902318.0077078
3484151 1602992201.0083866
3520532 1604335685.0310163
3519242 1604285546.8115878
3556344 1605653637.1227503
3556338 1605653384.831542
3543668 1605218229.9402206
3553687 1605579380.8662329
3515818 1604153288.5635405
3489460 1603034829.9648118
3519838 1604329336.361022
3525367 1604511740.637968
3548716 1605396441.5053933
3541202 1605128256.6678133
3515577 1604150840.25681
3561976 1605823456.102802
3556642 1605669177.3807006
3545548 1605291202.586195
3569457 1606056902.4789197
3570725 1606089827.2202911
3535003 1604871405.187782
3546638 1605326179.7316785
3547715 1605396138.1174262
3520494 1604336025.0078635
3557920 1605717747.0628872
3489469 1603035049.973042
3541214 1605128748.6052353
3556362 1605654708.021954
3548727 1605401443.6223085
3491062 1603116286.5303514
3546647 1605326692.9110343
3545830 1605395663.1972294
3541437 1605138509.8308756
3564272 1605896086.9467876
3505818 1603744460.5990403
3564516 1605900914.1830173
3574060 1606225695.1873114
3539360 1605053818.1556182
3505546 1603760094.684123
3560959 1605802940.386346
3553669 1605579380.5774333
3561969 1605823244.6422582
3558103 1605717151.7880447
3556380 1605655501.5939984
3552543 1605546058.9123359
3540516 1605125089.981586
3521467 1604360541.7898414
3542535 1605204191.7368872
3520434 1604333545.7126014
3569476 1606057084.2731874
3565200 1605919234.5061576
3543311 1605209346.871461
3548793 1605401448.4274375
3561811 1605819489.5203671
3542510 1605203693.9194038
3543063 1605203034.0841784
3489405 1603033403.7754056
3531288 1604761624.5100718
3540481 1605124992.1484394
3564107 1605895638.9175754
3570732 1606090036.887885
3531975 1604763785.137198
3543049 1605202653.3688946
3539205 1605124744.6315446
3539297 1605051048.7924256
3561991 1605824164.3452666
3534952 1604869964.5389671
3548788 1605401448.6118612
3539112 1605048526.8318594
3491300 1603118245.4358215
3545514 1605290482.856687
3541398 1605136684.6584747
3560956 1605802875.4751198
3505801 1603743842.3809526
3564591 1605902424.0086575
3525357 1604511368.3585758
3491048 1603116291.7505963
3534537 1604858282.283364
3525204 1604510028.155496
3560982 1605802940.1558158
3539300 1605051206.2791145
3518879 1604283684.2126615
3565258 1605923930.5756655
3518840 1604264518.5056636
3573946 1606225526.3176372
3515798 1604152689.2007976
3521177 1604351608.0304382
3520973 1604345146.78974
3561867 1605820676.1649177
3573949 1606225531.6165917
3545804 1605394799.834059
3572188 1606149524.6979318
3560954 1605803105.7814775
3521031 1604346118.7523165
3481853 1602710914.609932
3489452 1603034672.67614
3541392 1605136453.7740064
3564087 1605892394.0662897
3569185 1606050946.361501
3520455 1604334675.1797678
3553714 1605580255.6330764
3565286 1605923228.3360758
3505522 1603743353.304236
3521381 1604356525.3328106
3531349 1604761570.5122678
3565239 1605920675.8934202
3518816 1604263838.3320997
3574235 1606231166.608379
3556256 1605650991.9619894
3518836 1604264327.3018565
3564268 1605896935.6038673
3564255 1605895639.077743
3539159 1605050177.6551056
3552546 1605546219.8392735
3499420 1603480431.1011913
3545790 1605396138.2900996
3570717 1606089623.5314353
3505576 1603760020.501199
3499496 1603482396.269289
3540515 1605130371.8960645
3518822 1604263838.2268744
3564460 1605899640.9426343
3499480 1603481932.9503818
3558155 1605717811.8679
3542511 1605203660.4861941
3543204 1605209352.1552377
3539556 1605067942.0659595
3479563 1602706938.685489
3548749 1605401433.5828753
3491269 1603117364.7287729
3570696 1606088942.7398233
3572100 1606146819.5651646
3565322 1605925255.29149
3552470 1605544751.9556928
3556366 1605654868.139593
3520994 1604345357.6618004
3520457 1604334675.5509608
3539191 1605049420.9177074
3539294 1605050838.9122136
3564406 1605898748.2024164
3515774 1604152134.9462218
3542693 1605200633.6849875
3574168 1606228800.5345683
3561809 1605819489.5152361
3560940 1605802875.0476272
3533944 1604853932.8775308
3574119 1606227230.0910323
3545793 1605395274.0257647
3543332 1605209462.7044625
3563956 1605892426.403884
3542919 1605200537.168422
3534948 1604869858.8159826
3561963 1605823085.4967456
3574100 1606226535.806219
3565238 1605920559.9313197
3525346 1604511059.5841944
3518772 1604262308.9356747
3541370 1605135373.2069368
3545931 1605394744.1676722
3535034 1604872509.0653431
3556369 1605654963.9327338
3548814 1605402127.0715878
3499304 1603479720.152039
3545568 1605291661.7279842
3540409 1605126828.3497787
3491034 1603116286.8678637
3570726 1606089858.792704
3535053 1604873139.5780752
3552478 1605544826.958935
3505851 1603745840.0912077
3552507 1605545394.3721793
3548768 1605401438.4270217
3544037 1605235716.2218728
3518803 1604263139.1826618
3539292 1605050660.5827403
3542699 1605200548.3000958
3539144 1605050996.296084
3534386 1604853932.2704957
3556410 1605656718.7386456
3556393 1605656006.6322985
3560668 1605802874.7875113
3569536 1606058334.677727
3545933 1605394744.5140073
3533931 1604853933.0626607
3518858 1604264901.2989657
3542555 1605202493.930806
3515709 1604150840.0125113
3520307 1604330529.0481887
3515839 1604153885.9189365
3574115 1606226819.7119222
3569066 1606050956.2524097
3570494 1606087495.042311
3489402 1603033329.4213758
3542534 1605201535.178912
3539563 1605068458.1093462
3534392 1604854132.8052766
3541429 1605137973.8932343
3569456 1606056783.4573047
3531322 1604761678.5070934
3569498 1606057639.797642
3574144 1606228082.494459
3489412 1603033665.555944
3553710 1605579839.7950408
3564379 1605898081.1241388
3540439 1605126551.3978052
3574190 1606229673.528258
3556429 1605657581.4721684
3561830 1605819913.465581
3544061 1605237390.6631722
3564538 1605901264.950925
3534980 1604870869.3449342
3564533 1605905009.506704
3574000 1606225521.2096555
3565390 1605928303.1469407
3565379 1605927719.1063433
3540471 1605124744.1936023
3520454 1604333993.4252288
3545868 1605394744.4094052
3545920 1605395371.3656976
3543373 1605291478.7683165
3548729 1605401438.2402382
3499479 1603481933.0610485
3539273 1605049820.4927025
3481793 1602708834.5490882
3521404 1604357294.994861
3569012 1606050952.3728864
3556662 1605670289.0946817
3489417 1603033854.586136
3556414 1605657039.055822
3569225 1606050946.4920583
3548722 1605396992.927778
3518907 1604266719.3905792
3505580 1603744055.183708
3569042 1606050951.9092405
3520271 1604329539.6507344
3565396 1605928564.5782347
3540420 1605124761.0103664
3543345 1605209719.1470387
3543640 1605217736.3637497
3561826 1605819806.984566
3569566 1606059057.1098788
3561421 1605811202.2163556
3545249 1605292178.6107028
3560653 1605802875.2584174
3481919 1602716303.130109
3481774 1602707921.7052355
3545787 1605395295.6820564
3499481 1603481985.664973
3574127 1606227576.6151772
3572056 1606146640.3394337
3542527 1605203638.0922933
3564022 1605891415.6231537
3536179 1604934642.2002366
3531850 1604761764.9937017
3491319 1603118989.0376644
3505596 1603743358.6260118
3489482 1603035584.4372551
3564520 1605901031.04855
3488448 1602992253.491186
3515578 1604150841.0439858
3548795 1605401443.9907663
3491250 1603116792.0815537
3543981 1605233769.7922878
3543025 1605201788.4532351
3541166 1605126961.8720837
3564033 1605897603.1270847
3569475 1606057041.4724674
3499456 1603481301.3509543
3564795 1605907060.3541074
3553703 1605579413.039707
3564343 1605897539.3092785
3491040 1603116286.7292368
3561323 1605810420.6708317
3546497 1605325854.3807235
3539296 1605050975.1508608
3518732 1604261951.2145565
3515893 1604156015.138985
3543701 1605219437.0346184
3534437 1604856969.5824354
3542465 1605201503.2301369
3515732 1604150840.011846
3543070 1605203182.2951138
3521361 1604355758.9094398
3556283 1605651946.860909
3553734 1605581182.623566
3561909 1605821723.1619375
3541224 1605129074.5098362
3520475 1604334718.8446062
3561864 1605820601.7525578
3520391 1604332533.6808183
3565253 1605921505.4964302
3572154 1606148330.424233
3564962 1605919202.8228247
3520485 1604334841.5459683
3521371 1604356041.4818637
3556303 1605652374.961574
3479502 1602706939.1325042
3481987 1602717815.8484774
3569497 1606057887.580373
3572194 1606149524.5035667
3525337 1604512177.606993
3564528 1605901105.6510103
3560939 1605802875.5864086
3543034 1605202076.6522865
3521402 1604357284.0566587
3525291 1604511251.3079698
3561889 1605821057.5264943
3518815 1604263838.2255697
3565337 1605926094.2125177
3544017 1605234020.9576604
3570706 1606089320.1905053
3535068 1604873616.422858
3489520 1603036717.0634432
3539286 1605050419.0715659
3562000 1605824480.4279902
3564106 1605903811.6630976
3536196 1604934641.6754172
3518850 1604283689.2075748
3521458 1604359860.0243008
3564058 1605891716.7984638
3531308 1604761700.1675494
3552429 1605544934.31055
3570571 1606084032.620398
3573966 1606225531.1013591
3543706 1605219491.1554368
3481967 1602716611.1063333
3570595 1606084976.056349
3543607 1605217329.6437953
3543628 1605217351.204712
3564475 1605899927.55292
3570506 1606086243.6202497
3570721 1606089701.462815
3534987 1604871079.144191
3573480 1606225520.9007735
3569514 1606057683.0050282
3570445 1606084116.7342305
3518818 1604283689.570608
3541107 1605125143.3761015
3556406 1605656516.5903337
3556356 1605654473.0567956
3543408 1605210857.3087416
3556389 1605655838.4502683
3518820 1604264114.851332
3573955 1606225531.325903
3539264 1605049315.4996462
3539544 1605067143.185154
3556348 1605653931.2332606
3560626 1605802874.6405535
3543356 1605209891.099581
3541164 1605126929.6699693
3572129 1606147571.0320997
3558132 1605717427.3020911
3565209 1605919454.937082
3574221 1606230756.744657
3539338 1605052768.7453597
3565335 1605925978.786672
3505548 1603760015.3860672
3481963 1602716452.4532113
3540445 1605131611.7388966
3556433 1605659198.9735618
3564065 1605891845.6403975
3542526 1605203930.6921732
3573057 1606176735.309354
3534549 1604858507.1585155
3540433 1605125273.9153214
3534323 1604853938.037044
3488440 1602991468.431176
3539316 1605051636.51792
3536216 1604934642.405971
3505577 1603760015.1626194
3565314 1605924739.6751964
3569523 1606058025.9437149
3488427 1602990223.3709815
3544065 1605237788.505991
3569043 1606050951.3501694
3574188 1606229589.203406
3520550 1604335992.22121
3543705 1605219480.3048255
3548790 1605401448.5228229
3520495 1604334965.084374
3539220 1605066855.3168657
3558147 1605717641.3753943
3574073 1606225779.410042
3564077 1605892103.5471816
3569479 1606057137.4155126
3539169 1605124749.8408601
3572219 1606150062.0154033
3542728 1605200665.825014
3489442 1603034536.2219465
3534674 1604872382.9386332
3543236 1605209347.1881049
3565231 1605920274.8433344
3542529 1605204180.5086617
3545833 1605395598.625401
3574081 1606225989.539745
3491246 1603116589.8624249
3520488 1604336013.99655
3540436 1605127801.4082956
3525299 1604510028.1542926
3515840 1604154089.451475
3518788 1604264762.921849
3542458 1605203604.6280491
3515845 1604153993.5136967
3561382 1605810431.4916878
3505595 1603743358.0895438
3499487 1603482091.272616
3565350 1605926429.3674512
3515585 1604150840.9499207
3545818 1605394788.774697
3539313 1605051510.5089068
3548678 1605394743.867639
3561950 1605822799.9809015
3556227 1605652750.1117315
3505513 1603743353.164833
3560994 1605803244.874349
3525314 1604510411.6695836
3534366 1604853937.7855787
3525283 1604510017.0223293
3565362 1605926995.5380166
3568862 1606050957.0898545
3539343 1605052988.9443605
3541273 1605130771.0501683
3491339 1603119764.2456686
3569584 1606059591.096143
3553731 1605580948.147102
3540458 1605124744.0839846
3572932 1606176734.9228652
3515907 1604156014.8202016
3564391 1605898430.111657
3555951 1605669177.6015685
3491016 1603116291.8705204
3520337 1604331242.6744347
3489481 1603035427.0662408
3574061 1606225610.9220617
3543702 1605219448.2042394
3558161 1605717875.339964
3563613 1605887669.9353635
3515915 1604156014.9817815
3565330 1605925894.7581022
3544042 1605236145.4247646
3564041 1605891491.2483425
3520447 1604333938.6027246
3481756 1602707206.1207714
3556423 1605657336.7892196
3548816 1605402084.353118
3541317 1605132557.9469604
3564714 1605905052.0019023
3539289 1605050566.1589108
3515914 1604156014.9804502
3531891 1604761873.2584138
3541323 1605132968.3828962
3481713 1602706938.3005748
3565032 1605919191.882885
3541688 1605153909.4498408
3572057 1606146636.675864
3564576 1605902084.4213939
3519216 1604283683.5013533
3534507 1604857600.6510084
3520509 1604335233.833008
3535020 1604871762.779068
3518857 1604283684.426142
3489466 1603034987.1521142
3531329 1604761721.7057898
3505586 1603743353.0290005
3548676 1605396441.506698
3570566 1606083875.2923748
3481886 1602712566.2193701
3489436 1603034441.9120831
3534521 1604857906.2218962
3564471 1605899906.0783646
3561887 1605821015.417131
3564608 1605902751.856221
3518766 1604262157.5627837
3545563 1605291587.270904
3574022 1606225568.3018658
3481979 1602717276.3644953
3572208 1606149818.2698023
3542466 1605201302.5954406
3565373 1605927478.3357537
3552526 1605545758.4889183
3561897 1605821427.6639013
3542477 1605204543.7803192
3543169 1605205742.1998882
3561840 1605824269.6989064
3545492 1605289873.3881063
3564293 1605899013.5325043
3573930 1606225535.973808
3540421 1605126594.889436
3519222 1604283683.7181199
3565376 1605927697.3275158
3572146 1606148056.0321143
3545242 1605291576.4020128
3570689 1606088670.1206923
3544023 1605234450.2134101
3570687 1606088659.3649282
3520293 1604330260.4148543
3540408 1605125589.1401265
3544051 1605236626.7555168
3570695 1606088806.7065878
3521046 1604346334.614677
3545502 1605290047.0279083
3518817 1604263838.451536
3542532 1605204247.6075616
3564542 1605901371.2884853
3499441 1603482639.011643
3499435 1603480984.6257236
3569494 1606057404.1286728
3521411 1604357708.8594115
3569549 1606058611.9697082
3521464 1604360214.985245
3562031 1605825454.7527568
3572162 1606148668.013269
3565289 1605923489.9522908
3540431 1605124749.952385
3573931 1606225530.8439972
3489467 1603035113.0576026
3491051 1603116286.6304636
3505591 1603743358.1979198
3565226 1605920085.0718417
3543385 1605289484.6437669
3557721 1605711553.2552354
3564294 1605899629.9388525
3542995 1605200889.7864358
3491050 1603116291.6377842
3541349 1605134250.2382202
3542694 1605200921.6073186
3574158 1606228430.737811
3543129 1605204742.5936809
3541689 1605153919.8970542
3521352 1604355416.1617222
3545260 1605292156.3669932
3521449 1604359206.5036952
3552548 1605546296.6842093
3561829 1605819913.6431067
3545577 1605291852.365717
3574217 1606230630.728734
3488412 1602989394.3542712
3518710 1604261590.4308662
3569052 1606050947.5024996
3565309 1605924455.8890674
3546644 1605326326.4578178
3544025 1605234596.707087
3481858 1602711052.9525788
3565279 1605922745.990029
3552581 1605547359.4910965
3553716 1605580447.486837
3561919 1605821881.6031466
3555827 1605651422.1298978
3565384 1605928000.2673516
3539192 1605124744.9305646
3543670 1605218326.298232
3548760 1605401438.6003647
3539346 1605053220.1352181
3541117 1605125588.8280833
3553715 1605580415.3835533
3506153 1603760014.960072
3555984 1605669178.1080556
3543642 1605217768.9051323
3543251 1605209347.2875228
3534534 1604858260.4881275
3535017 1604871668.22566
3515846 1604154068.0496159
3531310 1604761602.8575475
3539354 1605053450.6714988
3491257 1603117046.100546
3570646 1606087224.7112138
3548805 1605401470.3471682
3574176 1606229084.1941903
3481893 1602712937.8492596
3518720 1604260844.6291168
3542985 1605200580.0115392
3564360 1605897805.0620847
3525289 1604511262.0069642
3499436 1603480973.7626047
3573985 1606225525.7142248
3499438 1603481027.5493684
3505562 1603760015.5029001
3564292 1605896575.7739217
3548778 1605401443.8120666
3565298 1605923930.7385683
3556357 1605654473.0590525
3541335 1605133609.6441267
3542474 1605200537.555211
3564331 1605897285.2420697
3505593 1603743353.5304558
3481766 1602707569.5748782
3520525 1604335467.6206982
3563844 1605887561.5873485
3543391 1605210568.0377407
3564485 1605900266.173069
3557922 1605717173.6470068
3534959 1604870206.6742756
3542516 1605204531.6881824
3481953 1602716303.7224696
3540495 1605124743.9669585
3560884 1605802874.2004762
3565257 1605921748.0232158
3565235 1605920495.7204566
3569463 1606056891.61626
3572166 1606148859.0825715
3573983 1606225526.7527776
3489435 1603034347.4588275
3570625 1606086170.2053084
3541178 1605127381.9157717
3518770 1604262458.2169025
3569032 1606050952.1291513
3539199 1605124744.432783
3534989 1604871110.8601754
3574059 1606225520.5361323
3481868 1602711349.0173028
3535028 1604872214.5565898
3564556 1605901807.0204182
3544015 1605233874.4502327
3557862 1605711564.0896068
3548725 1605401438.339826
3536170 1604934639.9784276
3562010 1605824774.9398177
3491341 1603120018.6266992
3564732 1605905486.9695385
3531965 1604763469.852011
3534315 1604853937.9386473
3556294 1605652161.2026274
3574002 1606225525.9403832
3521339 1604355002.7436836
3572112 1606147157.7372622
3548713 1605396419.5483732
3565283 1605923029.2307599
3521329 1604354511.2127934
3543696 1605219137.846764
3541416 1605137555.3898203
3479547 1602706938.8951101
3572113 1606147410.8003767
3540406 1605127165.8383973
3515861 1604154721.4857671
3543361 1605210009.08815
3569574 1606059431.192302
3553704 1605579615.6275718
3548751 1605401443.332348
3489501 1603035951.3064005
3505822 1603744736.3052645
3539330 1605052328.756165
3563599 1605887474.7394505
3570440 1606085070.4792478
3541193 1605127982.7609124
3515584 1604150840.6677923
3574209 1606230315.0881245
3564510 1605904130.1351826
3481935 1602716303.2267444
3545285 1605289293.8133602
3481842 1602710449.381187
3541254 1605135771.8915298
3544021 1605234230.1137614
3556119 1605652032.507027
3543688 1605218722.8140106
3525336 1604510889.8348205
3525388 1604512177.3753557
3505560 1603743358.4084935
3541156 1605126670.0120018
3499468 1603481670.1734843
3565327 1605925580.155901
3565301 1605924109.4006515
3531919 1604762056.546478
3544045 1605236354.6200306
3518783 1604262501.0768313
3518917 1604283684.1218271
3574224 1606230872.5101407
3545901 1605394749.546647
3563944 1605891414.9398925
3564364 1605897858.4781506
3535056 1604873181.6557221
3543007 1605201323.670195
3505592 1603745246.1231952
3525383 1604512060.2395046
3542554 1605203480.5083284
3539166 1605049505.4389758
3505831 1603744895.4921725
3534428 1604854617.3858533
3539193 1605124749.5210211
3556644 1605669319.0948002
3518733 1604263139.3581734
3525280 1604511453.5776727
3561351 1605811125.0589797
3538992 1605050020.087849
3489480 1603035510.976688
3565245 1605921085.467182
3572207 1606150009.0715458
3536224 1604934639.783111
3556649 1605669558.7522042
3558122 1605717205.5339968
3565338 1605928369.9030771
3545896 1605395543.9297156
3552493 1605545084.22256
3518819 1604283689.4202843
3542536 1605204123.3999527
3521475 1604360691.7224927
3545556 1605291446.261605
3539323 1605051804.1973422
3560725 1605802874.200962
3489502 1603035961.8720186
3570673 1606088292.3560767
3564655 1605903854.1368132
3574140 1606227871.4510758
3569477 1606057233.5979533
3543337 1605209607.7726123
3572169 1606148996.1296318
3552597 1605547519.8933182
3541439 1605138604.2354019
3518895 1604266204.0326228
3552535 1605545951.2438903
3570477 1606082847.273066
3539284 1605050219.677742
3491314 1603118744.3561413
3488418 1602989793.1433022
3519848 1604329336.2481127
3561985 1605823836.9337893
3534404 1604854240.6828527
3515633 1604150840.4301205
3505594 1603743358.5371377
3543363 1605210084.281263
3533913 1604853932.7520733
3541684 1605153533.7606702
3525302 1604510081.921475
3520368 1604332008.8018355
3520426 1604333436.863692
3518800 1604283684.321349
3505867 1603746285.4366426
3491304 1603118330.484608
3499442 1603482649.6609008
3569580 1606059569.6439705
3545531 1605290778.864213
3520439 1604333665.7960987
3533912 1604853937.5566063
3574082 1606226094.751812
3545506 1605290228.6692743
3569575 1606059335.543977
3556273 1605651668.2284427
3534950 1604869922.4291558
3525412 1604513093.4344482
3481801 1602709198.20621
3542725 1605200601.5114012
3543149 1605205117.9129643
3520535 1604335695.9966462
3541413 1605137461.1496274
3505578 1603760020.6040053
3563567 1605887637.2775235
3570651 1606087494.7500155
3541185 1605127718.221831
3488436 1602991095.764274
3553707 1605579701.0529876
3541265 1605130424.9853282
3499411 1603480070.4461708
3505583 1603743353.4301324
3539198 1605124744.7411072
3520458 1604334675.4015677
3565351 1605926681.0158343
3572102 1606146956.8445823
3545799 1605395252.3882391
3521218 1604351608.2455711
3489447 1603034630.6585088
3565249 1605921285.13784
3570661 1606088191.125153
3491326 1603119275.2198377
3520412 1604333089.4967358
3489438 1603034410.348265
3570642 1606087076.565735
3539311 1605051416.1420727
3541105 1605124970.0178735
3518897 1604266256.8906233
3515864 1604154721.620011
3539307 1605051311.2295399
3564245 1605895638.6831224
3561332 1605810248.3117101
3552578 1605546950.930624
3564265 1605895831.9387789
3521015 1604345820.1397588
3561926 1605822050.3729355
3541359 1605134586.2115607
3565220 1605919916.4875343
3564491 1605900309.1214988
3574181 1606229400.007368
3542528 1605204281.3766391
3489511 1603036402.1780877
3564264 1605895788.9709322
3564793 1605907038.919064
3536180 1604934639.7773132
3491008 1603116286.9931061
3481889 1602712906.1687703
3563943 1605895638.8122435
3518832 1604264125.409318
3536169 1604934640.1050506
3542990 1605200665.579374
3574024 1606225521.556107
3548723 1605401433.2584689
3541433 1605138278.8226643
3557950 1605717248.1030157
3489490 1603035615.9281883
3534316 1604853938.2315097
3570588 1606084651.4299734
3574204 1606230104.451495
3548733 1605401433.3481703
3505579 1603760015.2718828
3539325 1605052014.0619006
3570683 1606088502.2237241
3556004 1605669177.9924526
3572184 1606149291.4179854
3564702 1605904829.223619
3570699 1606089068.5250983
3525290 1604510017.305726
3564641 1605903514.8851132
3548677 1605394743.8666458
3520414 1604333143.7340498
3489396 1603033202.233972
3570605 1606085437.4517248
3547725 1605395112.2112494
3489422 1603034053.7626045
3560997 1605803288.6853268
3541283 1605131076.1113188
3481944 1602716303.6070578
3481906 1602716303.040111
3570712 1606089414.3928142
3539451 1605066855.095456
3564619 1605903006.0827713
3560687 1605802874.4602332
3531287 1604761710.9884958
3499434 1603480931.1131606
3499509 1603482775.881379
3569474 1606057009.1559358
3548743 1605401433.4878619
3556302 1605669177.382249
3572160 1606148625.547513
3541309 1605132148.0148153
3564302 1605896692.4243245
3543592 1605217769.0205975
3542561 1605201820.9887123
3571941 1606146640.4913566
3546645 1605326483.677181
3561869 1605820687.0440285
3536184 1604934642.4051285
3540412 1605125589.0294611
3521207 1604351608.0295637
3565344 1605926219.8831341
3499440 1603482311.8858628
3545893 1605395554.957519
3505582 1603744364.9855332
3505561 1603760015.5953114
3534435 1604854685.3194103
3539197 1605124745.052725
3525389 1604512188.269165
3520353 1604331662.490827
3489427 1603034127.2681408
3543378 1605290937.962033
3542485 1605204603.3835108
3560941 1605802875.3564749
3520384 1604332323.7883499
3552567 1605546617.3860624
3542509 1605204531.8504715
3572118 1606147357.8782542
3481978 1602717593.575959
3565000 1605923877.9309494
3515896 1604156160.7819993
3520404 1604332823.3774137
3541206 1605128482.5117364
3541235 1605129417.5231338
3521472 1604360624.8315177
3543273 1605209351.9816313
3561827 1605819860.344546
3518782 1604262490.1066382
3544032 1605235339.540804
3540517 1605124804.9327831
3534893 1604870122.4651318
3573929 1606225536.231617
3544028 1605234984.0508351
3540524 1605124743.810759
3572224 1606150210.0118568
3564316 1605896999.1438754
3572185 1606149365.4851081
3565320 1605925125.8999798
3481782 1602708307.104149
3519193 1604283683.5023396
3518703 1604261590.541937
3521392 1604358712.9728346
3489420 1603033917.4760926
3541270 1605130707.8591664
3553576 1605579380.577987
3543679 1605218583.784416
3564330 1605897253.3062124
3542467 1605204544.4573514
3520490 1604335468.136125
3531915 1604761884.0777905
3571890 1606146635.2424507
3556325 1605653079.904718
3564635 1605903419.3474882
3573015 1606176734.7461143
3565262 1605922046.2322266
3546636 1605326043.5873382
3505563 1603760020.693236
3520459 1604334675.3016887
3521469 1604360569.775722
3520487 1604334855.7719345
3543999 1605233769.7916546
3546613 1605325854.3801055
3536219 1604934634.8899686
3543202 1605209347.0826406
3539572 1605069701.2590773
3543058 1605202928.3511066
3525270 1604510017.4213746
3531956 1604763220.3254018
3489416 1603033770.5507274
3515862 1604154721.3881855
3499439 1603481175.0646412
3552447 1605546177.1128042
3542533 1605204146.444524
3545485 1605289624.2456968
3525296 1604511858.3970757
3564444 1605899364.2075572
3564039 1605891469.6033103
3545837 1605395587.7625334
3491324 1603119158.653497
3518752 1604261734.547439
3556035 1605655690.9535253
3564670 1605904055.5209816
3531728 1604761743.2768533
3515822 1604153427.2224617
3518848 1604265528.3183665
3532011 1604764745.7602727
3569429 1606056589.6631134
3532036 1604765333.6366751
3556401 1605656335.4781253
3539239 1605048042.1520207
3541201 1605128214.2139494
3505811 1603744182.9077625
3545983 1605394749.4391367
3573984 1606225589.4815981
3521247 1604352033.293183
3536215 1604934640.1061125
3556431 1605657698.59068
3570675 1606088334.5012388
3499510 1603482807.5279655
3542463 1605203514.9272823
3541301 1605131748.4490948
3572068 1606146637.296338
3518734 1604262146.7611825
3521238 1604351665.080153
3548726 1605401718.3305726
3515773 1604152134.9466555
3518825 1604283689.341274
3541174 1605127212.241107
3545875 1605395566.0058403
3553722 1605580713.8829455
3561814 1605819542.6825051
3570480 1606086725.50716
3570424 1606084148.5665693
3515808 1604153010.0636764
3491253 1603117120.4397697
3534402 1604854132.6881208
3520339 1604331285.6973763
3521393 1604357020.0031857
3518704 1604262179.222745